1.400370e+02 1.541770e+02 1.612184e+02 1.753584e+02
3.127070e+02 1.429410e+02 3.327154e+02 1.629494e+02
3.659787e+02 2.290530e+02 3.871601e+02 2.502344e+02
4.185233e+02 3.104972e+02 4.397047e+02 3.316786e+02
3.608060e+02 5.680474e+02 3.791966e+02 5.864380e+02
1.558094e+02 7.269221e+02 1.796000e+02 7.507126e+02
4.511220e+02 7.595118e+02 4.727867e+02 7.811764e+02
2.176220e+02 1.398090e+02 2.727939e+02 1.949808e+02
4.566999e+02 1.897264e+02 5.092445e+02 2.422710e+02
5.525610e+02 4.125511e+01 6.051712e+02 9.386534e+01
1.164737e+02 4.774080e+02 1.716455e+02 5.325798e+02
8.874990e+01 6.493536e+02 1.389431e+02 6.995468e+02
1.018929e+02 8.293257e+02 1.546996e+02 8.821324e+02
2.057995e+02 8.714924e+02 2.583441e+02 9.240370e+02
3.762602e+02 3.772641e+02 4.267960e+02 4.277999e+02
5.945949e+02 3.105444e+02 6.445814e+02 3.605308e+02
5.100527e+02 5.754237e+02 5.583537e+02 6.237247e+02
3.805103e+02 6.232192e+02 4.330549e+02 6.757638e+02
6.156473e+02 6.179648e+02 6.708191e+02 6.731366e+02
4.999182e+02 9.055154e+02 5.527248e+02 9.583220e+02
5.867150e+02 8.491282e+02 6.393252e+02 9.017384e+02
