239 237 303 301 
40 54 104 118 
311 208 375 272 
237 103 291 157 
293 50 357 114 
364 270 428 334 
172 293 236 357 
314 343 378 407 
144 80 208 144 
225 158 289 222 
306 138 360 192 
42 273 96 327 
164 205 228 269 
202 403 256 457 
418 353 472 407 
232 16 286 70 
162 170 216 224 
28 137 82 191 
452 251 506 305 
446 190 510 254 
66 401 120 455 
123 373 177 427 
7 173 71 237 
289 301 353 365 
112 260 166 314 
129 281 193 345 
85 176 149 240 
46 333 110 397 
356 394 410 448 
294 389 358 453 
429 17 483 71 
158 26 222 90 
241 368 305 432 
101 1 155 37 
1 407 45 461 
322 1 376 33 
182 95 246 159 
471 397 512 473 
