9 121 41 153 
74 177 106 209 
314 253 346 285 
163 254 195 286 
312 155 344 187 
339 177 371 209 
55 310 87 342 
136 397 168 429 
113 193 145 225 
33 397 65 429 
301 383 333 415 
66 138 98 170 
328 289 360 321 
93 296 125 328 
410 232 442 264 
366 318 398 350 
330 322 362 354 
344 245 376 277 
80 216 112 248 
13 73 45 105 
332 412 364 444 
5 158 37 190 
235 325 267 357 
468 159 500 191 
268 171 300 203 
398 389 430 421 
314 350 346 382 
412 107 444 139 
455 303 487 335 
379 34 411 66 
150 351 182 383 
273 143 305 175 
294 322 326 354 
470 416 502 448 
179 40 211 72 
131 94 163 126 
112 34 144 66 
392 173 424 205 
340 379 372 411 
146 124 178 156 
425 154 457 186 
207 258 239 290 
65 429 97 461 
418 80 450 112 
375 107 407 139 
75 340 107 372 
67 270 99 302 
256 238 288 270 
347 142 379 174 
345 353 377 385 
3 420 35 452 
289 223 321 255 
457 378 489 410 
240 261 272 293 
131 304 163 336 
186 2 218 34 
281 5 313 37 
340 95 372 127 
458 339 490 371 
136 161 168 193 
72 390 104 422 
450 42 482 74 
15 313 47 345 
150 228 182 260 
187 225 219 257 
237 70 269 102 
246 424 278 456 
245 11 277 43 
89 1 121 33 
22 31 54 63 
358 66 390 98 
78 49 110 81 
423 356 455 388 
310 190 342 222 
373 218 405 250 
9 1 41 24 
220 354 252 386 
149 63 181 95 
408 44 440 76 
347 32 379 64 
168 129 200 161 
151 189 183 221 
387 143 419 175 
225 234 257 266 
73 72 105 104 
389 88 421 120 
285 426 317 458 
35 145 67 177 
400 286 432 318 
431 13 463 45 
1 287 29 319 
388 353 420 385 
206 319 238 351 
101 386 133 418 
268 346 300 378 
430 318 462 350 
322 55 354 87 
449 221 481 253 
154 296 186 328 
115 423 147 455 
398 323 430 355 
90 253 122 285 
198 363 230 395 
1 388 25 420 
277 298 309 330 
329 215 361 247 
6 256 38 288 
367 276 399 308 
272 107 304 139 
220 424 252 456 
480 18 512 50 
84 106 116 138 
260 50 292 82 
142 30 174 62 
218 1 250 24 
229 294 261 326 
194 84 226 116 
14 347 46 379 
452 128 484 160 
198 114 230 146 
287 275 319 307 
254 367 286 399 
36 219 68 251 
182 187 212 217 
374 408 408 441 
422 422 458 454 
184 157 213 190 
238 194 275 230 
237 106 264 137 
103 139 136 170 
456 72 494 109 
