95 91 127 123 
254 239 286 271 
58 365 90 397 
226 412 258 444 
268 407 300 439 
470 218 502 250 
426 108 458 140 
409 73 441 105 
183 310 215 342 
374 90 406 122 
253 335 285 367 
189 409 221 441 
352 255 384 287 
415 181 447 213 
333 137 365 169 
154 121 186 153 
173 74 205 106 
462 182 494 214 
2 191 34 223 
41 86 73 118 
88 253 120 285 
298 385 330 417 
306 78 348 120 
401 374 433 406 
192 183 224 215 
77 34 109 66 
247 195 279 227 
470 377 502 409 
104 381 136 413 
8 418 40 450 
425 277 457 309 
309 309 341 341 
340 45 372 77 
346 295 378 327 
158 226 190 258 
81 308 113 340 
407 328 439 360 
298 164 330 196 
136 148 168 180 
452 422 484 454 
481 404 512 436 
1 235 30 267 
347 326 379 358 
375 170 407 202 
470 145 502 177 
208 166 240 198 
312 255 344 287 
305 417 337 449 
136 88 168 120 
398 261 430 293 
378 396 410 428 
91 430 123 462 
233 94 265 126 
181 379 213 411 
156 371 188 403 
304 20 336 52 
95 134 127 166 
399 434 431 466 
144 394 176 426 
270 293 302 325 
283 140 315 172 
66 129 98 161 
25 292 67 334 
185 280 217 312 
433 229 465 261 
465 324 497 356 
299 201 331 233 
188 229 220 261 
52 172 84 204 
412 388 444 420 
341 382 373 414 
390 285 422 317 
429 312 461 344 
210 256 242 288 
363 41 395 73 
396 240 428 272 
86 330 118 362 
167 9 199 41 
382 212 414 244 
186 20 218 52 
137 2 173 26 
265 19 298 43 
