429 381 461 413 
138 197 170 229 
274 144 306 176 
209 290 241 322 
309 18 341 50 
42 423 74 455 
95 90 127 122 
367 334 399 366 
458 234 490 266 
195 210 227 242 
197 46 229 78 
64 248 96 280 
254 403 286 435 
65 63 97 95 
188 383 220 415 
426 45 458 77 
25 212 57 244 
162 119 194 151 
142 236 174 268 
480 267 512 299 
353 297 385 329 
408 201 440 233 
69 202 101 234 
1 246 32 278 
471 191 503 223 
356 376 388 408 
383 172 415 204 
442 74 474 106 
211 169 243 201 
351 28 383 60 
259 322 291 354 
138 285 170 317 
164 336 196 368 
297 309 329 341 
416 4 448 36 
43 115 75 147 
340 257 372 289 
180 77 212 109 
96 171 128 203 
249 279 281 311 
16 57 48 89 
275 179 307 211 
1 360 30 392 
10 29 42 61 
199 417 231 449 
34 351 66 383 
212 118 244 150 
390 214 422 246 
69 373 101 405 
264 218 296 250 
357 193 389 225 
80 410 112 442 
454 175 486 207 
452 129 484 161 
222 364 254 396 
274 33 306 65 
412 275 444 307 
327 433 359 465 
111 250 143 282 
302 236 334 268 
319 368 351 400 
110 132 142 164 
297 220 329 252 
96 148 128 180 
482 435 512 467 
58 345 90 377 
47 180 79 212 
31 274 63 306 
244 232 276 264 
33 36 65 68 
491 54 512 86 
1 434 25 466 
219 440 251 472 
402 73 434 105 
488 117 511 153 
78 431 117 463 
49 13 75 42 
