315 3 347 35 
34 248 66 280 
31 374 63 406 
340 162 372 194 
161 119 193 151 
113 382 145 414 
341 43 373 75 
186 209 218 241 
44 324 76 356 
200 44 232 76 
29 162 61 194 
475 404 507 436 
73 195 105 227 
375 6 407 38 
258 68 290 100 
386 102 418 134 
450 306 482 338 
235 215 267 247 
154 183 186 215 
430 32 462 64 
350 416 382 448 
241 412 273 444 
329 369 361 401 
146 315 178 347 
317 306 349 338 
465 38 497 70 
292 46 324 78 
205 320 237 352 
417 168 449 200 
271 251 303 283 
124 252 156 284 
432 1 464 30 
185 395 217 427 
233 322 265 354 
469 56 501 88 
409 387 441 419 
240 281 272 313 
367 388 399 420 
288 417 320 449 
420 325 452 357 
256 162 288 194 
234 249 266 281 
219 383 251 415 
228 2 260 34 
231 169 263 201 
99 92 131 124 
36 37 68 69 
1 233 29 265 
169 85 201 117 
95 328 127 360 
234 36 266 68 
57 14 89 46 
364 373 396 405 
319 405 351 437 
170 264 202 296 
1 190 29 222 
165 9 197 41 
445 227 477 259 
221 16 253 48 
207 264 239 296 
98 26 130 58 
477 148 509 180 
479 178 511 210 
369 335 401 367 
378 318 410 350 
260 400 292 432 
484 220 512 252 
336 116 368 148 
396 329 428 361 
285 158 317 190 
104 57 136 89 
388 25 420 57 
90 433 122 465 
42 1 74 24 
