157 204 189 236 
462 112 494 144 
200 212 232 244 
134 234 166 266 
295 420 327 452 
58 70 90 102 
9 136 41 168 
480 342 512 374 
175 334 207 366 
260 123 292 155 
69 405 101 437 
288 224 320 256 
215 295 247 327 
49 142 81 174 
173 267 205 299 
374 265 406 297 
247 224 279 256 
410 282 442 314 
154 411 186 443 
267 348 299 380 
335 74 367 106 
140 338 172 370 
468 290 500 322 
284 165 316 197 
319 156 351 188 
218 185 250 217 
252 158 284 190 
457 28 489 60 
205 249 237 281 
199 17 231 49 
375 112 407 144 
435 396 467 428 
371 412 403 444 
421 191 453 223 
157 371 189 403 
220 363 252 395 
221 116 253 148 
112 60 144 92 
263 318 295 350 
1 295 28 327 
200 46 232 78 
195 376 227 408 
177 79 209 111 
92 385 124 417 
168 22 200 54 
370 81 402 113 
411 378 443 410 
116 135 148 167 
230 28 262 60 
37 43 69 75 
163 142 195 174 
55 191 87 223 
127 7 159 39 
148 177 180 209 
368 46 400 78 
231 51 263 83 
194 109 226 141 
269 5 301 37 
107 109 139 141 
179 285 211 317 
80 141 112 173 
414 135 446 167 
110 283 142 315 
209 261 241 293 
58 111 90 143 
96 80 128 112 
317 183 349 215 
421 355 453 387 
270 395 302 427 
283 46 315 78 
376 209 408 241 
463 318 495 350 
304 1 336 23 
256 365 288 397 
115 343 147 375 
1 382 26 414 
1 13 26 45 
53 232 85 264 
1 180 22 212 
285 64 317 96 
134 287 166 319 
21 263 53 295 
60 261 92 293 
429 222 461 254 
46 281 78 313 
70 164 102 196 
25 159 57 191 
34 1 66 19 
73 242 105 274 
323 260 355 292 
413 78 445 110 
238 221 270 253 
4 43 36 75 
318 282 350 314 
313 38 345 70 
395 17 426 44 
479 87 508 116 
74 304 106 332 
298 337 329 365 
359 326 390 353 
345 365 375 394 
374 366 402 396 
350 262 379 293 
