201 381 265 445 
33 27 97 91 
217 83 281 147 
304 190 368 254 
255 251 319 315 
141 330 205 394 
233 11 297 75 
454 140 508 194 
235 186 289 240 
190 283 244 337 
296 53 360 117 
136 50 200 114 
279 133 333 187 
372 21 426 75 
266 382 330 446 
23 345 77 399 
371 157 425 211 
364 234 418 288 
421 203 485 267 
321 299 375 353 
70 142 124 196 
75 96 139 160 
447 280 501 334 
162 206 226 270 
1 168 49 222 
91 1 167 44 
387 14 451 78 
251 332 305 386 
108 261 172 325 
49 208 113 272 
181 1 235 42 
2 269 66 333 
115 404 191 480 
82 320 139 380 
355 85 415 151 
