379 121 433 175 
127 89 193 155 
427 359 493 425 
119 208 185 274 
279 70 333 124 
281 348 347 414 
185 272 251 338 
436 69 502 135 
289 144 367 222 
146 329 212 395 
140 1 206 66 
197 65 251 119 
442 145 496 199 
206 181 272 247 
35 81 101 147 
444 289 510 355 
286 4 352 70 
60 1 126 60 
52 339 118 405 
279 218 333 272 
41 205 107 271 
335 67 389 121 
350 243 404 297 
102 395 168 461 
372 20 426 74 
1 158 63 224 
382 188 436 242 
1 234 44 288 
262 290 328 356 
215 117 281 183 
1 10 62 88 
74 263 140 329 
136 134 202 200 
29 291 83 345 
464 213 512 279 
154 425 219 469 
