104 426 136 458 
232 155 264 187 
96 190 128 222 
71 310 103 342 
420 245 452 277 
357 5 389 37 
420 19 452 51 
448 394 480 426 
111 307 143 339 
390 48 422 80 
454 1 486 32 
267 93 299 125 
119 55 151 87 
383 222 415 254 
257 18 289 50 
56 228 88 260 
291 233 323 265 
165 134 197 166 
186 344 218 376 
381 368 413 400 
171 287 203 319 
294 363 326 395 
74 91 106 123 
74 399 106 431 
30 60 62 92 
329 46 361 78 
272 56 304 88 
56 149 88 181 
472 121 504 153 
225 227 257 259 
189 230 221 262 
337 294 369 326 
387 92 419 124 
251 202 283 234 
221 218 253 250 
106 339 138 371 
178 382 210 414 
316 205 348 237 
239 97 271 129 
277 315 309 347 
332 240 364 272 
482 218 512 250 
399 378 431 410 
35 122 67 154 
217 9 249 41 
133 331 165 363 
134 403 166 435 
325 345 357 377 
217 338 249 370 
188 172 220 204 
58 25 90 57 
332 80 364 112 
31 327 63 359 
25 421 57 453 
277 186 309 218 
344 116 376 148 
130 177 162 209 
67 440 99 472 
452 216 484 248 
489 169 512 201 
440 87 472 119 
33 1 65 27 
299 157 331 189 
1 261 32 293 
23 165 55 197 
135 31 167 63 
302 275 334 307 
191 391 223 423 
195 429 227 461 
82 42 114 74 
285 389 317 421 
42 252 74 284 
439 211 471 243 
368 317 400 349 
209 58 241 90 
398 295 430 327 
313 423 345 455 
203 287 235 319 
438 265 470 297 
205 363 237 395 
436 48 468 80 
25 350 57 382 
327 258 359 290 
127 254 159 286 
176 211 208 243 
302 73 334 105 
441 433 483 475 
250 316 282 348 
252 268 288 301 
144 171 173 201 
329 402 357 430 
418 293 448 322 
