199 147 231 179 
443 225 475 257 
65 79 97 111 
292 402 324 434 
161 5 193 37 
326 197 358 229 
196 296 228 328 
372 188 404 220 
431 359 463 391 
22 135 54 167 
228 275 260 307 
55 36 87 68 
44 171 76 203 
172 121 204 153 
346 51 378 83 
141 216 173 248 
386 227 418 259 
264 322 296 354 
105 11 137 43 
208 182 240 214 
445 120 477 152 
256 411 288 443 
256 32 288 64 
167 85 199 117 
270 139 302 171 
199 250 231 282 
443 159 475 191 
478 277 510 309 
34 345 66 377 
305 250 337 282 
286 60 318 92 
40 292 72 324 
2 321 34 353 
87 352 119 384 
333 85 365 117 
345 376 377 408 
222 118 254 150 
124 53 156 85 
359 401 391 433 
259 97 291 129 
270 2 302 34 
221 324 253 356 
460 28 492 60 
34 250 66 282 
43 417 75 449 
202 388 234 420 
436 290 468 322 
30 404 62 436 
200 409 232 441 
475 37 507 69 
42 306 74 338 
434 1 466 20 
6 264 38 296 
365 440 397 472 
110 200 142 232 
228 149 260 181 
92 131 124 163 
314 1 346 22 
235 1 277 27 
