416 262 480 326 
258 29 322 93 
307 332 371 396 
403 8 467 72 
82 306 146 370 
122 183 186 247 
13 298 67 352 
378 120 432 174 
65 382 129 446 
3 107 67 171 
135 339 199 403 
49 197 103 251 
336 187 400 251 
274 178 328 232 
336 60 400 124 
69 66 123 120 
332 397 396 461 
271 230 335 294 
409 182 473 246 
131 278 185 332 
382 331 458 407 
185 378 239 432 
80 136 134 190 
447 137 501 191 
87 56 151 120 
46 373 110 437 
48 1 112 54 
113 1 177 60 
338 257 402 321 
464 319 512 383 
241 299 305 363 
134 126 188 180 
1 45 51 99 
199 59 253 113 
469 53 512 117 
166 116 220 170 
200 1 254 35 
406 107 460 161 
193 157 257 221 
138 428 192 482 
241 103 305 167 
275 412 329 466 
4 245 69 296 
