87 158 119 190 
304 238 336 270 
133 112 165 144 
229 110 261 142 
114 263 146 295 
472 237 504 269 
335 354 367 386 
252 348 284 380 
71 113 103 145 
233 72 265 104 
439 174 471 206 
334 389 366 421 
305 299 337 331 
368 205 400 237 
275 94 307 126 
94 375 126 407 
300 9 332 41 
7 197 39 229 
384 134 416 166 
298 203 330 235 
434 263 466 295 
431 215 463 247 
250 158 282 190 
219 192 251 224 
397 381 429 413 
187 373 219 405 
217 36 249 68 
179 6 211 38 
258 303 290 335 
361 94 393 126 
55 310 87 342 
15 318 47 350 
247 389 279 421 
169 70 201 102 
177 162 209 194 
60 272 92 304 
85 247 117 279 
281 384 313 416 
102 27 134 59 
25 258 57 290 
336 314 368 346 
165 245 197 277 
208 414 240 446 
448 74 480 106 
263 409 295 441 
222 337 254 369 
84 304 116 336 
302 78 334 110 
397 400 429 432 
229 276 261 308 
52 333 84 365 
125 330 157 362 
39 185 71 217 
1 18 26 50 
472 195 504 227 
180 56 212 88 
475 137 507 169 
270 1 302 28 
447 394 479 426 
156 41 188 73 
1 366 26 398 
342 176 374 208 
102 214 134 246 
1 58 24 90 
441 137 473 169 
15 133 47 165 
189 215 221 247 
140 183 172 215 
37 236 69 268 
308 149 340 181 
111 190 143 222 
163 108 195 140 
275 39 307 71 
96 5 128 37 
405 348 437 380 
461 14 493 46 
244 259 276 291 
57 38 89 70 
395 39 427 71 
26 171 58 203 
216 225 248 257 
136 3 168 35 
68 179 100 211 
18 445 50 477 
159 334 191 366 
34 49 66 81 
2 89 27 119 
487 296 511 322 
409 250 437 279 
