291 294 323 326 
456 224 488 256 
46 210 78 242 
136 409 168 441 
79 143 111 175 
2 218 34 250 
129 142 161 174 
480 188 512 220 
181 345 213 377 
48 84 80 116 
281 71 313 103 
242 271 274 303 
4 288 36 320 
364 240 396 272 
242 317 274 349 
126 103 158 135 
296 144 328 176 
100 28 132 60 
124 291 156 323 
405 237 437 269 
286 34 318 66 
138 29 170 61 
216 194 248 226 
261 210 293 242 
353 166 385 198 
364 197 396 229 
405 428 437 460 
326 106 358 138 
232 406 264 438 
371 128 403 160 
178 92 210 124 
332 300 364 332 
407 192 439 224 
1 81 30 113 
25 52 57 84 
237 53 269 85 
1 149 32 181 
201 4 233 36 
167 159 199 191 
37 256 69 288 
301 212 333 244 
80 381 112 413 
424 363 456 395 
185 417 217 449 
162 296 194 328 
445 153 477 185 
428 251 460 283 
323 240 355 272 
122 197 154 229 
121 373 153 405 
260 132 292 164 
212 6 254 48 
459 128 491 160 
409 312 441 344 
26 373 58 405 
166 391 198 423 
485 76 512 108 
440 22 472 54 
457 299 489 331 
296 239 328 271 
437 4 469 36 
363 74 395 106 
349 18 381 50 
435 323 467 355 
215 322 247 354 
52 279 84 311 
150 230 182 262 
210 113 242 145 
111 320 143 352 
392 76 426 101 
36 302 69 327 
377 430 404 455 
132 235 159 261 
2 366 38 405 
491 357 511 391 
