353 180 385 212 
267 138 299 170 
364 377 396 409 
151 125 183 157 
8 330 40 362 
242 399 274 431 
40 65 72 97 
231 124 263 156 
84 105 116 137 
317 3 349 35 
453 248 485 280 
141 234 173 266 
115 323 147 355 
46 314 78 346 
212 4 244 36 
461 383 493 415 
221 279 253 311 
342 141 374 173 
233 238 265 270 
86 348 118 380 
307 332 339 364 
252 339 284 371 
395 409 427 441 
302 131 334 163 
62 256 94 288 
356 271 388 303 
271 371 303 403 
338 103 370 135 
266 55 298 87 
281 27 313 59 
318 269 350 301 
441 366 473 398 
15 234 47 266 
103 270 135 302 
66 390 98 422 
383 283 415 315 
16 115 48 147 
48 352 80 384 
76 288 108 320 
182 322 214 354 
205 79 237 111 
475 18 507 50 
466 152 498 184 
201 336 233 368 
48 221 80 253 
310 403 342 435 
36 1 68 32 
432 420 464 452 
354 77 386 109 
279 411 311 443 
381 250 413 282 
462 419 494 451 
428 166 460 198 
413 197 445 229 
25 369 57 401 
185 385 217 417 
253 297 285 329 
46 151 78 183 
450 31 482 63 
356 298 388 330 
367 48 399 80 
417 336 449 368 
273 183 305 215 
204 162 236 194 
50 419 82 451 
271 306 303 338 
422 224 454 256 
186 107 218 139 
14 426 46 458 
48 188 80 220 
399 226 431 258 
38 393 70 425 
69 146 101 178 
441 208 473 240 
349 15 381 47 
121 198 153 230 
303 434 335 466 
168 169 200 201 
220 54 252 86 
250 268 282 300 
407 77 439 109 
291 290 323 322 
399 50 431 82 
487 49 512 81 
197 34 229 66 
171 407 204 437 
