125 235 157 267 
342 103 374 135 
124 171 156 203 
311 128 343 160 
437 179 469 211 
50 428 82 460 
469 428 501 460 
39 190 71 222 
23 400 55 432 
41 29 73 61 
357 137 389 169 
253 51 285 83 
434 1 466 32 
116 427 148 459 
58 377 90 409 
183 415 215 447 
239 261 271 293 
393 183 425 215 
240 95 272 127 
318 206 350 238 
316 431 348 463 
352 222 384 254 
140 272 172 304 
181 287 213 319 
340 31 372 63 
108 335 140 367 
389 363 421 395 
245 199 277 231 
276 85 308 117 
138 25 170 57 
91 359 123 391 
304 37 336 69 
147 202 179 234 
45 338 77 370 
423 214 455 246 
263 424 295 456 
424 250 456 282 
472 199 504 231 
85 184 117 216 
442 127 474 159 
248 231 280 263 
393 262 425 294 
250 157 282 189 
63 60 95 92 
105 58 137 90 
442 91 474 123 
436 359 468 391 
462 339 494 371 
148 308 180 340 
283 218 315 250 
466 296 498 328 
80 320 112 352 
363 382 395 414 
80 249 112 281 
204 39 236 71 
460 151 492 183 
210 218 242 250 
425 324 457 356 
432 275 464 307 
308 93 340 125 
276 317 308 349 
382 331 414 363 
109 205 141 237 
56 97 88 129 
184 197 216 229 
316 366 348 398 
7 245 39 277 
102 8 134 40 
333 263 365 295 
151 95 183 127 
385 47 417 79 
217 117 249 149 
464 392 496 424 
80 406 112 438 
235 371 267 403 
347 418 379 450 
176 9 208 41 
5 102 37 134 
72 215 104 247 
276 14 308 46 
165 52 197 84 
260 279 292 311 
353 349 385 381 
319 390 351 422 
255 347 287 379 
361 314 393 346 
312 328 344 360 
464 32 496 64 
459 230 491 262 
474 1 506 28 
4 368 36 400 
234 22 266 54 
393 307 425 339 
80 283 112 315 
86 126 118 158 
216 299 248 331 
255 397 287 429 
414 68 446 100 
274 254 306 286 
408 399 440 431 
319 164 351 196 
187 255 219 287 
52 288 84 320 
418 150 450 182 
368 1 400 32 
280 180 312 212 
160 381 192 413 
383 99 415 131 
120 104 152 136 
209 144 241 176 
481 100 512 132 
196 374 228 406 
407 107 439 139 
217 178 249 210 
329 1 361 29 
211 1 243 25 
218 394 250 426 
24 69 56 101 
88 84 120 116 
394 4 426 36 
178 345 210 377 
394 240 426 272 
8 178 40 210 
221 69 253 101 
472 76 504 108 
189 126 221 158 
158 230 202 274 
369 273 401 305 
335 306 367 338 
157 353 189 385 
214 352 246 384 
3 307 35 339 
45 233 77 265 
23 1 55 27 
1 344 25 376 
136 364 168 396 
5 35 37 67 
190 92 225 129 
162 165 197 199 
183 318 219 354 
286 401 320 437 
457 263 492 298 
489 268 511 303 
11 280 44 312 
