460 29 492 61 
406 372 438 404 
329 262 361 294 
219 186 251 218 
43 36 75 68 
161 264 193 296 
9 10 41 42 
418 322 450 354 
94 196 126 228 
383 324 415 356 
21 99 53 131 
81 236 113 268 
346 362 378 394 
296 354 328 386 
396 149 428 181 
157 189 189 221 
294 427 326 459 
338 230 370 262 
247 404 279 436 
155 56 187 88 
181 342 213 374 
14 178 46 210 
279 297 311 329 
171 204 203 236 
280 172 312 204 
268 27 300 59 
389 22 421 54 
6 395 38 427 
191 296 223 328 
294 239 326 271 
338 98 370 130 
184 130 216 162 
166 148 198 180 
146 389 178 421 
414 270 446 302 
427 217 459 249 
56 407 88 439 
239 330 271 362 
123 399 155 431 
223 113 255 145 
479 435 511 467 
358 431 390 463 
386 246 418 278 
449 89 481 121 
310 100 342 132 
183 80 215 112 
83 335 115 367 
364 65 396 97 
449 171 481 203 
385 126 417 158 
403 65 435 97 
93 47 125 79 
235 238 267 270 
178 420 210 452 
438 153 470 185 
425 10 457 42 
72 1 104 21 
383 287 415 319 
56 106 88 138 
35 257 67 289 
114 167 146 199 
88 294 125 335 
256 207 289 242 
