390 422 422 454 
146 78 178 110 
229 252 261 284 
407 96 439 128 
259 354 291 386 
462 26 494 58 
39 318 71 350 
77 139 109 171 
434 4 466 36 
97 192 129 224 
258 110 290 142 
292 47 324 79 
346 76 378 108 
75 395 107 427 
238 381 270 413 
408 134 440 166 
294 81 326 113 
329 44 361 76 
436 193 468 225 
201 200 233 232 
269 265 301 297 
427 395 459 427 
353 202 385 234 
360 402 392 434 
222 302 254 334 
299 119 331 151 
21 144 53 176 
461 127 493 159 
99 237 131 269 
113 44 145 76 
183 21 215 53 
402 357 434 389 
163 359 195 391 
26 222 58 254 
186 252 218 284 
37 296 69 328 
342 156 374 188 
246 217 278 249 
278 187 310 219 
273 236 305 268 
102 108 134 140 
281 138 313 170 
389 270 421 302 
51 185 83 217 
180 201 212 233 
356 110 388 142 
80 64 112 96 
318 340 350 372 
333 1 365 28 
457 233 489 265 
7 53 39 85 
425 274 457 306 
137 213 169 245 
444 367 476 399 
177 315 209 347 
158 254 190 286 
1 286 31 318 
426 37 458 69 
431 53 463 85 
133 308 165 340 
269 297 301 329 
108 322 140 354 
460 281 492 313 
51 47 83 79 
30 236 62 268 
72 362 104 394 
105 360 137 392 
59 228 91 260 
385 323 417 355 
3 424 35 456 
73 93 105 125 
349 228 381 260 
150 17 182 49 
39 67 71 99 
2 387 34 419 
273 408 305 440 
1 196 29 228 
448 104 480 136 
61 118 93 150 
147 425 179 457 
216 47 248 79 
206 359 238 391 
74 286 106 318 
137 378 169 410 
92 1 124 28 
133 350 165 382 
370 148 402 180 
221 435 253 467 
161 226 193 258 
367 169 399 201 
240 288 272 320 
163 130 195 162 
22 29 54 61 
221 128 253 160 
203 58 235 90 
395 380 427 412 
357 337 389 369 
470 300 502 332 
410 197 442 229 
314 391 346 423 
213 166 245 193 
