72 113 104 145 
113 313 145 345 
117 98 149 130 
222 118 254 150 
74 398 106 430 
316 218 348 250 
142 144 174 176 
446 282 478 314 
220 74 252 106 
11 167 43 199 
143 273 175 305 
227 199 259 231 
177 333 209 365 
376 141 408 173 
185 404 217 436 
297 91 329 123 
190 264 222 296 
105 381 137 413 
346 1 378 32 
138 408 170 440 
108 429 140 461 
105 277 137 309 
152 110 184 142 
334 188 366 220 
102 348 134 380 
286 239 318 271 
30 408 62 440 
452 390 484 422 
312 125 344 157 
95 146 127 178 
440 159 472 191 
405 167 437 199 
142 334 174 366 
216 321 248 353 
378 242 410 274 
107 229 139 261 
70 339 102 371 
390 268 422 300 
357 307 389 339 
70 245 102 277 
378 431 410 463 
356 267 388 299 
283 401 315 433 
149 237 181 269 
169 15 201 47 
301 344 333 376 
15 1 47 30 
187 137 219 169 
231 248 263 280 
187 90 219 122 
207 428 239 460 
333 98 365 130 
151 308 183 340 
470 203 502 235 
37 122 69 154 
269 274 301 306 
338 336 370 368 
241 402 273 434 
346 377 378 409 
356 61 388 93 
1 59 27 91 
77 307 109 339 
372 176 404 208 
18 334 50 366 
312 274 344 306 
288 313 320 345 
56 186 88 218 
38 59 70 91 
436 99 468 131 
126 55 158 87 
417 255 449 287 
189 298 221 330 
258 90 290 122 
225 155 257 187 
61 32 93 64 
415 410 447 442 
309 165 341 197 
140 26 172 58 
255 337 287 369 
11 240 43 272 
481 248 512 280 
385 9 417 41 
457 38 489 70 
44 228 76 260 
273 371 305 403 
417 375 449 407 
1 271 29 303 
357 36 389 68 
407 321 439 353 
278 158 310 190 
446 226 478 258 
419 218 451 250 
416 19 448 51 
442 71 474 103 
293 189 325 221 
62 439 94 471 
8 356 40 388 
300 430 332 462 
456 131 488 163 
484 375 512 407 
151 186 183 218 
472 86 504 118 
237 304 269 336 
42 292 74 324 
276 131 308 163 
157 382 189 414 
60 138 92 170 
1 137 29 169 
35 370 67 402 
78 68 110 100 
155 48 187 80 
327 409 359 441 
1 204 33 236 
232 375 264 407 
351 208 383 240 
1 91 27 123 
308 389 340 421 
2 399 34 431 
216 292 248 324 
187 376 219 408 
166 204 198 236 
276 69 308 101 
261 437 293 469 
344 139 376 171 
231 45 263 77 
481 279 512 311 
461 323 493 355 
481 424 512 456 
381 324 413 356 
156 84 188 116 
321 28 353 60 
266 191 298 223 
409 349 441 381 
439 5 471 37 
268 15 293 47 
299 37 326 67 
189 178 226 211 
93 29 125 64 
