283 42 315 74 
183 66 215 98 
426 24 458 56 
155 49 187 81 
380 221 412 253 
175 14 207 46 
396 350 428 382 
98 254 130 286 
182 186 214 218 
202 219 234 251 
382 89 414 121 
313 240 345 272 
177 127 209 159 
213 42 245 74 
424 229 456 261 
123 220 155 252 
222 182 254 214 
238 219 270 251 
378 41 410 73 
435 414 467 446 
81 35 113 67 
288 303 320 335 
275 4 307 36 
445 342 477 374 
32 189 64 221 
175 337 207 369 
439 114 471 146 
299 116 331 148 
359 246 391 278 
68 128 100 160 
195 101 227 133 
68 340 100 372 
103 408 135 440 
120 162 152 194 
25 294 57 326 
167 276 199 308 
90 88 122 120 
431 263 463 295 
208 5 240 37 
4 217 36 249 
192 254 224 286 
265 71 297 103 
19 433 51 465 
274 142 306 174 
478 280 510 312 
97 152 129 184 
164 217 196 249 
335 136 367 168 
391 417 423 449 
216 317 248 349 
309 173 341 205 
148 388 180 420 
104 284 136 316 
469 104 501 136 
136 263 168 295 
312 276 344 308 
34 142 66 174 
470 147 502 179 
424 377 456 409 
352 402 384 434 
344 91 376 123 
401 187 433 219 
242 393 274 425 
215 348 247 380 
454 172 486 204 
378 320 410 352 
242 51 274 83 
231 85 263 117 
438 151 470 183 
99 191 131 223 
452 299 484 331 
460 242 492 274 
256 102 288 134 
312 89 344 121 
261 184 293 216 
28 70 60 102 
223 410 255 442 
315 30 347 62 
298 416 330 448 
384 6 416 38 
486 71 512 103 
477 363 509 395 
148 192 180 224 
366 433 398 465 
352 1 384 30 
364 130 396 162 
53 310 85 342 
159 239 191 271 
85 305 117 337 
41 36 73 68 
119 364 151 396 
312 205 344 237 
11 359 43 391 
260 315 292 347 
96 217 128 249 
24 264 56 296 
310 1 342 25 
193 155 225 187 
405 112 437 144 
1 66 31 98 
159 91 191 123 
343 198 375 230 
121 84 153 116 
214 285 246 317 
42 395 74 427 
59 161 91 193 
100 61 132 93 
270 433 302 465 
448 71 480 103 
6 29 38 61 
182 372 214 404 
332 422 364 454 
36 341 68 373 
342 279 374 311 
282 228 314 260 
141 354 173 386 
240 124 272 156 
385 262 417 294 
19 381 51 413 
279 401 311 433 
102 347 134 379 
58 434 90 466 
259 236 291 268 
346 34 378 66 
320 309 352 341 
1 4 28 36 
353 58 385 90 
144 425 164 445 
328 176 360 208 
1 179 22 211 
266 356 298 388 
207 381 239 413 
116 117 154 156 
54 244 90 280 
403 294 443 325 
329 380 364 418 
394 384 424 410 
412 63 445 95 
