435 296 467 328 
269 393 301 425 
173 414 205 446 
399 5 431 37 
176 57 208 89 
377 124 409 156 
281 67 313 99 
252 237 284 269 
424 195 456 227 
350 358 382 390 
214 30 246 62 
373 300 405 332 
402 226 434 258 
218 254 250 286 
350 11 382 43 
317 318 349 350 
347 406 379 438 
89 57 121 89 
370 171 402 203 
151 271 183 303 
475 331 507 363 
86 276 118 308 
33 285 65 317 
24 169 56 201 
241 83 273 115 
69 316 101 348 
120 155 152 187 
219 63 251 95 
248 45 280 77 
142 124 174 156 
41 49 73 81 
102 310 134 342 
276 345 308 377 
39 7 71 39 
278 270 310 302 
256 172 288 204 
134 54 166 86 
387 398 419 430 
270 29 302 61 
362 236 394 268 
270 321 302 353 
65 91 97 123 
114 121 146 153 
156 175 188 207 
232 378 264 410 
369 269 401 301 
85 23 117 55 
138 431 170 463 
121 76 153 108 
36 111 68 143 
216 407 248 439 
346 430 378 462 
311 281 343 313 
1 399 23 431 
1 91 26 123 
238 214 270 246 
198 375 230 407 
24 128 56 160 
20 87 52 119 
98 431 130 463 
163 285 195 318 
168 299 206 334 
169 11 199 41 
