127 253 159 285 
415 150 447 182 
253 8 285 40 
265 50 297 82 
154 53 186 85 
389 180 421 212 
200 281 232 313 
21 132 53 164 
52 323 84 355 
341 404 373 436 
319 1 351 32 
325 331 357 363 
356 264 388 296 
24 171 56 203 
429 189 461 221 
375 64 407 96 
150 212 182 244 
155 284 187 316 
347 33 379 65 
416 272 448 304 
343 362 375 394 
208 381 240 413 
192 342 224 374 
244 355 276 387 
5 264 37 296 
124 9 156 41 
215 14 247 46 
361 150 393 182 
47 245 79 277 
2 184 34 216 
448 326 480 358 
391 289 423 321 
340 219 372 251 
444 208 476 240 
382 237 414 269 
340 183 372 215 
448 130 480 162 
117 294 149 326 
138 368 170 400 
416 301 448 333 
469 392 501 424 
122 212 154 244 
161 423 193 455 
381 23 413 55 
296 212 328 244 
125 153 157 185 
302 176 334 208 
487 197 512 229 
169 248 201 280 
53 206 85 238 
146 183 178 215 
273 341 305 373 
256 223 288 255 
124 422 156 454 
42 377 74 409 
408 416 440 448 
96 110 128 142 
86 343 118 375 
481 274 512 306 
381 110 413 142 
227 303 259 335 
22 54 54 86 
54 95 86 127 
258 102 290 134 
257 275 289 307 
81 287 113 319 
194 10 226 42 
273 292 305 324 
336 433 368 465 
63 64 95 96 
292 240 324 272 
271 198 303 230 
367 88 399 120 
109 393 141 425 
294 262 326 294 
136 134 168 166 
289 435 321 467 
200 416 232 448 
443 103 475 135 
312 294 344 326 
1 41 27 73 
24 16 56 48 
414 395 446 427 
128 332 160 364 
482 410 512 442 
103 339 135 371 
237 403 269 435 
134 395 166 427 
219 223 251 255 
477 317 509 349 
265 306 307 348 
223 99 260 129 
