406 89 438 121 
205 288 237 320 
428 188 460 220 
123 279 155 311 
121 43 153 75 
181 369 213 401 
325 174 357 206 
258 225 290 257 
373 290 405 322 
308 354 340 386 
462 344 494 376 
266 145 298 177 
167 407 199 439 
308 138 340 170 
331 108 363 140 
221 345 253 377 
120 125 152 157 
284 196 316 228 
64 339 96 371 
71 373 103 405 
58 109 90 141 
206 53 238 85 
242 259 274 291 
333 248 365 280 
236 107 268 139 
245 375 277 407 
433 254 465 286 
421 378 453 410 
360 413 392 445 
73 307 105 339 
288 1 320 31 
478 119 510 151 
234 406 266 438 
338 285 370 317 
395 122 427 154 
429 109 461 141 
208 10 240 42 
27 142 59 174 
174 320 206 352 
247 190 279 222 
470 174 502 206 
466 21 498 53 
326 2 358 34 
68 23 100 55 
220 146 252 178 
143 245 175 277 
372 265 404 297 
113 189 145 221 
89 300 121 332 
244 82 276 114 
124 403 156 435 
264 358 296 390 
456 146 488 178 
388 357 420 389 
1 319 33 351 
54 235 86 267 
4 376 36 408 
367 207 399 239 
178 11 210 43 
260 293 292 325 
386 194 418 226 
109 419 141 451 
268 32 300 64 
301 79 333 111 
332 392 364 424 
65 174 97 206 
61 283 93 315 
458 293 490 325 
210 122 242 154 
32 345 64 377 
385 147 417 179 
459 66 491 98 
237 51 269 83 
140 146 172 178 
32 71 64 103 
488 156 512 188 
452 382 484 414 
325 441 357 473 
293 41 325 73 
210 390 242 422 
262 397 294 429 
352 85 384 117 
254 318 286 350 
1 67 24 99 
425 394 457 426 
38 11 70 43 
158 252 190 284 
77 419 109 451 
55 81 87 113 
228 433 260 465 
126 439 158 471 
484 80 511 110 
486 289 511 317 
