394 160 448 214 
185 141 251 207 
10 188 76 254 
409 312 463 366 
305 35 371 101 
123 90 189 156 
193 49 259 115 
188 392 242 446 
279 124 345 190 
425 226 479 280 
127 1 193 54 
340 209 406 275 
109 329 175 395 
71 363 125 417 
403 92 457 146 
251 361 317 427 
54 117 108 171 
368 372 422 426 
185 312 251 378 
94 253 160 319 
128 161 182 215 
453 368 512 434 
271 299 337 365 
90 393 156 459 
1 113 37 167 
176 246 230 300 
415 407 469 461 
255 258 309 312 
1 280 54 346 
1 357 41 423 
62 59 117 110 
