252 181 284 213 
29 136 61 168 
439 6 471 38 
121 158 153 190 
388 333 420 365 
200 237 232 269 
93 342 125 374 
177 206 209 238 
383 111 415 143 
240 248 272 280 
160 130 192 162 
413 278 445 310 
229 210 261 242 
363 140 395 172 
447 260 479 292 
66 380 98 412 
351 321 383 353 
312 261 344 293 
422 39 454 71 
212 175 244 207 
133 353 165 385 
254 426 286 458 
252 142 284 174 
31 346 63 378 
351 385 383 417 
160 177 192 209 
365 52 397 84 
204 273 236 305 
437 346 469 378 
390 164 422 196 
141 222 173 254 
282 70 314 102 
14 100 46 132 
79 7 111 39 
96 94 128 126 
479 352 511 384 
327 221 359 253 
224 348 256 380 
100 126 132 158 
469 328 501 360 
476 104 508 136 
291 122 323 154 
433 208 465 240 
43 267 75 299 
74 219 106 251 
382 294 414 326 
181 402 213 434 
63 119 95 151 
368 225 400 257 
31 431 63 463 
260 321 292 353 
113 383 145 415 
358 266 390 298 
22 381 54 413 
99 250 131 282 
25 182 57 214 
292 193 324 225 
279 233 311 265 
227 54 259 86 
83 35 115 67 
120 197 152 229 
124 9 156 41 
216 394 248 426 
121 120 153 152 
195 95 227 127 
148 252 180 284 
55 159 87 191 
138 281 170 313 
432 394 464 426 
63 70 95 102 
143 98 175 130 
294 360 326 392 
7 245 39 277 
387 401 419 433 
28 312 60 344 
308 417 340 449 
118 251 150 283 
99 57 131 89 
474 225 506 257 
336 102 368 134 
35 70 67 102 
47 107 79 139 
273 278 315 320 
70 280 102 312 
249 93 281 125 
308 396 340 428 
125 319 157 351 
464 191 496 223 
418 184 450 216 
324 164 356 196 
175 358 207 390 
339 432 371 464 
262 390 294 422 
323 130 355 162 
39 1 65 24 
167 70 199 100 
335 27 360 49 
477 37 504 62 
324 70 353 102 
439 439 469 461 
3 301 30 325 
