424 335 478 389 
379 291 433 345 
74 406 128 460 
56 76 122 142 
456 59 510 113 
167 3 233 69 
298 176 352 230 
84 136 138 190 
102 31 156 85 
313 92 379 158 
127 232 193 298 
382 137 436 191 
303 241 357 295 
77 349 131 403 
370 405 424 459 
15 132 69 186 
171 123 225 177 
203 219 269 285 
46 9 100 63 
264 232 318 286 
273 360 327 414 
45 285 99 339 
1 251 52 317 
376 262 430 316 
35 240 101 306 
452 117 506 171 
152 405 206 459 
199 430 253 484 
369 323 423 377 
238 27 317 92 
241 140 302 192 
428 279 500 342 
302 297 368 355 
