187 384 219 416 
376 284 408 316 
228 363 260 395 
176 269 208 301 
11 70 43 102 
286 426 318 458 
93 307 125 339 
438 371 470 403 
325 374 357 406 
467 177 499 209 
13 422 45 454 
55 283 87 315 
297 150 329 182 
229 165 261 197 
389 174 421 206 
206 312 238 344 
449 38 481 70 
350 166 382 198 
59 29 91 61 
82 251 114 283 
77 419 109 451 
452 300 484 332 
321 414 353 446 
289 349 321 381 
408 302 440 334 
244 292 276 324 
296 2 328 34 
23 320 55 352 
355 28 387 60 
382 244 414 276 
33 171 65 203 
413 101 445 133 
458 85 490 117 
125 348 157 380 
402 53 434 85 
191 135 223 167 
41 348 73 380 
208 200 240 232 
403 212 435 244 
177 210 209 242 
97 20 129 52 
319 35 351 67 
147 112 179 144 
249 136 281 168 
55 203 87 235 
452 233 484 265 
116 406 148 438 
146 148 178 180 
347 122 379 154 
434 193 466 225 
478 366 510 398 
5 247 37 279 
310 296 342 328 
105 126 137 158 
353 313 385 345 
361 380 393 412 
270 177 302 209 
12 199 44 231 
252 22 284 54 
26 387 58 419 
177 417 209 449 
426 405 458 437 
239 105 271 137 
251 1 283 31 
1 285 33 317 
373 81 405 113 
428 333 460 365 
345 205 377 237 
220 404 252 436 
142 233 174 265 
94 194 126 226 
43 244 75 276 
106 99 138 131 
78 98 110 130 
429 431 461 463 
85 373 117 405 
51 322 83 354 
365 340 397 372 
166 59 198 91 
271 313 303 345 
310 233 342 265 
70 388 102 420 
353 135 385 167 
270 356 302 388 
103 160 135 192 
463 221 495 253 
339 81 371 113 
379 432 411 464 
1 113 29 145 
89 225 121 257 
252 236 284 268 
281 48 313 80 
312 97 344 129 
47 420 79 452 
343 219 375 251 
208 431 240 463 
396 20 428 52 
428 166 460 198 
42 90 74 122 
65 174 97 206 
465 3 497 35 
283 120 315 152 
133 384 165 416 
423 2 455 34 
132 16 164 48 
452 417 484 449 
369 221 401 253 
418 149 450 181 
270 222 302 254 
225 62 257 94 
336 270 368 302 
486 126 512 158 
25 1 57 29 
388 408 420 440 
77 63 109 95 
1 348 26 380 
116 250 148 282 
230 43 262 75 
351 427 383 459 
309 67 341 99 
133 65 172 107 
215 8 245 40 
220 258 253 287 
484 54 510 81 
425 235 455 262 
