390 58 444 112 
167 259 233 325 
32 126 86 180 
257 130 323 196 
166 80 220 134 
248 46 314 112 
196 160 262 226 
36 25 102 91 
373 389 439 455 
196 331 262 397 
47 342 101 396 
466 52 512 106 
90 280 156 346 
1 196 53 262 
103 151 157 205 
131 22 185 76 
379 243 445 309 
320 336 374 390 
412 238 478 304 
1 296 46 350 
243 323 297 377 
395 3 461 69 
84 80 150 146 
281 201 347 267 
261 215 327 281 
344 153 410 219 
105 209 171 275 
335 118 401 184 
61 411 127 477 
257 1 323 39 
407 131 483 199 
330 16 400 78 
