417 157 449 189 
206 144 238 176 
266 166 298 198 
378 82 410 114 
390 406 422 438 
317 123 349 155 
319 4 351 36 
23 141 55 173 
310 207 342 239 
279 296 311 328 
319 390 351 422 
394 236 426 268 
233 103 265 135 
230 386 262 418 
82 21 114 53 
289 26 321 58 
213 172 245 204 
222 233 254 265 
159 2 191 34 
436 306 468 338 
401 198 433 230 
115 329 147 361 
74 411 106 443 
60 52 92 84 
353 43 385 75 
104 235 136 267 
97 192 129 224 
1 219 32 251 
348 350 380 382 
431 114 463 146 
37 76 69 108 
400 115 432 147 
472 337 504 369 
402 52 434 84 
84 166 116 198 
148 361 180 393 
413 337 445 369 
333 425 365 457 
178 85 210 117 
176 423 208 455 
471 428 503 460 
367 29 399 61 
435 85 467 117 
453 404 485 436 
236 426 268 458 
140 61 172 93 
371 154 403 186 
417 72 449 104 
124 422 156 454 
342 159 374 191 
433 235 465 267 
77 358 109 390 
478 365 510 397 
142 106 174 138 
134 1 166 30 
297 160 329 192 
177 42 209 74 
1 305 29 337 
51 428 83 460 
320 305 367 347 
