186 12 218 44 
28 289 60 321 
219 38 251 70 
390 237 422 269 
159 338 191 370 
333 18 365 50 
51 47 83 79 
364 308 396 340 
66 83 98 115 
84 319 116 351 
138 137 170 169 
127 70 159 102 
269 59 301 91 
457 386 489 418 
269 403 301 435 
410 201 442 233 
193 81 225 113 
258 256 290 288 
30 354 62 386 
195 355 227 387 
344 242 376 274 
454 49 486 81 
430 242 462 274 
326 71 358 103 
86 430 118 462 
367 53 399 85 
254 294 286 326 
264 94 296 126 
5 418 37 450 
448 183 480 215 
358 207 390 239 
219 230 251 262 
401 297 433 329 
108 108 140 140 
166 181 198 213 
174 58 206 90 
13 47 45 79 
252 20 284 52 
340 421 372 453 
24 93 56 125 
161 418 193 450 
304 294 336 326 
51 319 83 351 
126 215 158 247 
195 397 227 429 
239 68 271 100 
324 270 356 302 
97 193 129 225 
247 2 279 34 
98 1 130 33 
69 364 101 396 
77 395 109 427 
23 398 55 430 
242 360 274 392 
467 140 499 172 
218 318 250 350 
259 218 291 250 
283 257 315 289 
25 6 57 38 
98 148 130 180 
130 21 162 53 
463 349 495 381 
336 287 368 319 
145 101 177 133 
101 91 133 123 
243 184 275 216 
429 120 461 152 
337 154 369 186 
323 178 355 210 
273 362 305 394 
159 251 191 283 
452 98 484 130 
377 139 409 171 
71 379 103 411 
83 249 115 281 
467 264 499 296 
267 155 299 187 
367 66 399 98 
462 68 494 100 
335 370 367 402 
287 180 319 212 
123 165 155 197 
310 400 342 432 
129 280 161 312 
408 58 440 90 
439 18 471 50 
412 112 444 144 
111 419 143 451 
40 392 72 424 
29 134 61 166 
2 321 34 353 
209 222 241 254 
289 216 321 248 
389 353 421 385 
34 408 66 440 
443 282 475 314 
287 1 319 24 
3 170 35 202 
357 94 389 126 
197 267 229 299 
384 391 416 423 
297 360 329 392 
205 101 237 133 
319 210 351 242 
1 5 28 37 
380 185 412 217 
295 129 327 161 
374 275 406 307 
315 417 347 449 
403 273 435 305 
405 48 437 80 
111 350 143 382 
452 317 484 349 
109 288 141 320 
346 345 378 377 
99 42 131 74 
343 107 375 139 
239 130 271 162 
475 1 507 26 
121 326 153 358 
313 52 345 84 
68 227 100 259 
331 336 363 368 
181 193 213 225 
46 180 78 212 
401 1 433 32 
349 120 381 152 
147 394 179 426 
40 254 72 286 
459 405 491 437 
198 156 230 188 
363 178 395 210 
1 280 33 312 
385 430 417 462 
66 124 98 156 
34 199 66 231 
222 152 254 184 
371 122 403 154 
272 130 304 162 
218 291 250 323 
133 49 165 81 
410 361 442 393 
483 216 512 248 
259 323 291 355 
450 199 482 231 
215 428 247 460 
171 368 203 400 
423 417 455 449 
222 185 254 217 
247 428 279 460 
73 282 103 308 
