17 153 83 219 
245 39 299 93 
271 358 337 424 
191 108 245 162 
410 285 464 339 
1 56 53 110 
92 213 158 279 
164 274 218 328 
387 209 441 263 
103 327 157 381 
384 345 450 411 
242 214 296 268 
169 188 223 242 
108 394 174 460 
188 1 242 50 
332 315 386 369 
468 382 510 424 
246 286 312 352 
311 80 377 146 
317 21 383 87 
204 373 258 427 
113 119 167 173 
259 142 313 196 
458 32 512 98 
1 230 36 284 
342 254 396 308 
297 192 351 246 
423 129 477 183 
76 25 130 79 
236 384 302 450 
78 239 132 293 
402 60 456 114 
221 171 275 225 
109 1 175 56 
1 1 52 40 
20 419 62 461 
