20 219 52 251 
431 236 463 268 
452 59 484 91 
317 156 349 188 
252 135 284 167 
401 168 433 200 
213 137 245 169 
461 199 493 231 
102 190 134 222 
354 117 386 149 
223 34 255 66 
227 187 259 219 
482 12 512 44 
229 70 261 102 
280 39 312 71 
139 126 171 158 
282 312 314 344 
408 268 440 300 
102 146 134 178 
364 144 396 176 
197 357 229 389 
142 27 174 59 
426 411 458 443 
186 10 218 42 
411 125 443 157 
244 233 276 265 
18 129 50 161 
177 233 209 265 
370 205 402 237 
78 285 110 317 
420 85 452 117 
386 233 418 265 
136 301 168 333 
61 135 93 167 
175 321 207 353 
105 341 137 373 
42 171 74 203 
294 185 326 217 
453 112 485 144 
270 270 302 302 
31 389 63 421 
54 1 86 28 
205 259 237 291 
184 164 228 208 
304 78 336 110 
238 371 270 403 
1 25 29 57 
334 374 366 406 
487 167 512 199 
343 435 375 467 
260 346 292 378 
170 276 202 308 
135 187 167 219 
218 226 250 258 
162 195 194 227 
462 432 494 464 
135 259 167 291 
65 208 97 240 
247 158 279 190 
332 394 364 426 
174 52 206 84 
201 98 233 130 
1 187 25 219 
330 21 362 53 
234 305 266 337 
151 77 183 109 
255 213 287 245 
286 368 318 400 
111 251 143 283 
96 1 128 31 
2 371 34 403 
289 229 321 256 
185 437 224 468 
