324 159 356 191 
439 134 471 166 
359 108 391 140 
417 95 449 127 
133 18 165 50 
439 420 471 452 
186 67 218 99 
437 265 469 297 
75 321 107 353 
368 219 400 251 
314 25 346 57 
50 391 82 423 
279 9 311 41 
110 70 142 102 
70 19 102 51 
171 134 203 166 
52 167 84 199 
110 183 142 215 
111 343 143 375 
75 355 107 387 
316 254 348 286 
106 218 138 250 
49 86 81 118 
450 175 482 207 
78 114 110 146 
147 178 179 210 
210 205 242 237 
338 374 370 406 
188 252 220 284 
37 312 69 344 
280 357 312 389 
69 278 101 310 
359 147 391 179 
148 56 180 88 
276 87 308 119 
322 210 354 242 
366 366 398 398 
318 347 350 379 
431 304 463 336 
105 422 137 454 
11 256 43 288 
221 37 253 69 
156 272 188 304 
475 205 507 237 
174 221 206 253 
459 392 491 424 
99 1 131 33 
300 60 332 92 
245 377 277 409 
242 226 274 258 
144 243 176 275 
103 38 135 70 
384 40 416 72 
127 317 159 349 
11 57 43 89 
103 298 135 330 
11 386 43 418 
90 155 122 187 
195 412 227 444 
465 243 497 275 
396 134 428 166 
142 212 174 244 
154 96 186 128 
487 319 512 351 
412 10 444 42 
447 1 479 28 
351 189 383 221 
111 259 143 291 
178 29 210 61 
19 213 51 245 
42 202 74 234 
40 39 72 71 
346 68 378 100 
38 428 70 460 
5 186 37 218 
246 187 278 219 
254 68 286 100 
184 170 216 202 
223 165 255 197 
354 31 386 63 
210 6 242 38 
133 396 165 428 
122 108 154 140 
169 394 201 426 
165 422 197 454 
72 72 104 104 
485 117 512 149 
248 11 280 43 
43 131 75 163 
98 383 130 415 
124 156 156 188 
18 337 50 369 
32 253 64 285 
9 149 41 181 
391 435 423 467 
259 422 291 454 
479 281 511 313 
231 421 263 453 
230 398 262 430 
192 104 224 136 
2 292 29 326 
