9.643294e+01 1.233685e+02 1.732723e+02 2.002079e+02
1.335313e+02 7.403311e+01 2.082021e+02 1.487038e+02
2.458960e+02 6.575064e+01 3.215256e+02 1.413802e+02
2.008403e+02 1.089294e+02 2.765461e+02 1.846352e+02
1.924002e+02 1.845221e+02 2.693801e+02 2.615020e+02
2.765033e+02 1.767893e+02 3.533427e+02 2.536287e+02
2.790272e+02 1.174891e+02 3.520192e+02 1.904811e+02
3.509191e+02 1.479649e+02 4.313864e+02 2.284321e+02
3.532951e+02 1.953584e+02 4.290104e+02 2.710737e+02
1.444373e+02 1.893799e+02 2.201050e+02 2.650475e+02
