6.822661e+01 1.515842e+02 1.366533e+02 2.200109e+02
1.300508e+02 1.095678e+02 1.984775e+02 1.779945e+02
1.240484e+02 1.899992e+02 1.960766e+02 2.620273e+02
1.990777e+02 1.149699e+02 2.699054e+02 1.857975e+02
1.966568e+02 1.893789e+02 2.687249e+02 2.614471e+02
2.734603e+02 1.335306e+02 3.431805e+02 2.032509e+02
2.699054e+02 2.128081e+02 3.395326e+02 2.824353e+02
3.466881e+02 1.323293e+02 4.152095e+02 2.008508e+02
3.419125e+02 2.067847e+02 4.103813e+02 2.752535e+02
4.085596e+02 1.731926e+02 4.757858e+02 2.404189e+02
