10 7 54 46
63 7 105 41
116 7 161 42
173 9 216 43
228 6 271 41
281 5 330 44
331 6 382 43
388 7 436 38
445 8 492 38
500 6 545 39
7 68 53 100
58 64 109 100
113 65 163 102
167 64 218 102
222 65 274 104
276 65 328 105
333 67 383 104
388 66 437 108
441 69 492 108
498 70 548 110
4 130 47 171
56 129 103 171
114 128 161 172
166 126 214 172
224 128 271 170
276 129 325 173
333 129 381 172
384 127 437 171
436 127 493 171
494 127 546 171
4 192 53 230
58 191 106 233
110 192 158 234
166 192 212 236
221 189 272 239
278 190 328 234
333 194 380 231
387 191 436 236
443 192 490 233
495 190 545 238
7 253 54 298
65 253 107 290
115 253 164 290
177 253 216 288
227 251 273 287
284 252 331 289
339 253 384 289
392 255 439 288
447 250 493 288
501 250 547 286
