10 4 47 28
63 4 100 28
114 3 153 26
164 5 205 25
213 4 256 28
263 3 308 30
314 4 358 26
365 1 407 27
417 3 460 25
467 4 509 28
6 57 49 82
59 56 101 84
111 56 152 85
164 57 205 85
216 57 256 85
270 57 308 88
319 56 358 89
373 57 409 90
424 57 458 90
475 58 509 92
8 112 44 144
61 112 99 144
114 112 149 141
164 112 202 142
215 112 254 139
268 111 306 143
316 112 360 139
369 111 411 141
418 111 464 139
471 110 510 139
7 164 46 195
57 163 99 194
108 162 148 194
162 165 200 192
213 164 253 193
262 165 303 190
313 165 358 192
368 165 411 193
420 164 462 193
473 165 511 194
4 223 42 255
52 221 94 253
107 223 148 253
157 223 200 255
210 221 251 255
262 222 304 253
316 220 357 253
368 222 411 253
420 222 460 251
471 223 510 250
