6 11 29 32
58 9 78 31
107 9 129 31
158 7 178 27
206 5 229 28
257 6 281 28
308 6 329 27
358 9 382 32
409 9 433 32
460 9 482 31
12 50 33 71
60 48 82 71
110 49 133 70
161 47 184 70
211 47 235 68
261 47 287 71
313 47 336 70
360 48 385 72
411 48 436 72
464 48 487 71
21 89 45 112
72 88 94 112
123 89 146 112
172 88 194 112
223 88 246 111
272 89 297 111
324 86 346 112
374 89 397 112
425 87 448 111
476 88 497 111
26 131 49 154
77 130 100 153
126 128 150 153
177 128 202 150
226 126 252 150
275 127 301 150
325 127 350 150
375 126 399 149
424 127 451 150
475 127 498 148
