7 11 29 33
58 9 78 32
107 7 129 30
156 7 179 30
206 5 230 28
257 4 281 28
307 6 332 29
359 7 381 33
410 8 432 31
459 9 482 32
11 49 32 72
61 48 82 72
111 48 133 70
161 47 183 71
212 47 235 70
262 46 284 70
311 47 336 69
362 48 385 71
412 50 436 70
463 50 487 72
19 90 45 113
72 90 93 112
121 90 143 111
173 91 196 113
221 90 245 113
274 90 296 112
325 90 348 113
374 87 398 111
425 90 449 112
475 89 499 112
26 131 50 154
76 131 100 153
125 128 150 152
177 128 201 151
228 128 251 150
277 128 299 150
328 128 349 149
375 128 400 149
426 128 449 149
474 128 498 148
