251 13 287 41
298 14 335 42
347 16 382 43
394 17 432 44
443 15 481 44
4 71 35 97
51 67 84 96
102 64 138 93
152 66 186 94
203 69 234 91
5 115 42 142
56 116 87 140
106 114 139 141
155 117 191 142
205 116 241 146
255 118 288 144
307 118 337 146
352 120 386 146
403 119 436 145
450 117 481 147
3 170 30 197
34 167 69 198
83 168 114 198
137 165 170 200
190 165 223 198
245 167 279 197
296 166 328 196
344 169 379 195
389 166 424 194
441 167 476 196
2 219 33 250
51 218 80 249
103 220 132 250
153 220 182 249
200 220 233 251
253 219 280 251
303 220 332 251
353 221 378 251
400 221 429 251
450 221 479 252
10 263 44 293
72 264 106 294
134 265 167 291
189 266 219 292
238 267 270 292
289 268 318 294
338 267 372 295
389 268 423 294
441 268 474 296
